[           inf            inf            inf 3.85660742e+02
 8.82090353e+01 3.57728083e+01 1.83400362e+01 1.06881853e+01
 6.74941041e+00 4.50001679e+00 3.11852372e+00 2.22379465e+00
 1.62076281e+00 1.20173082e+00 9.03536996e-01 6.87280901e-01
 5.28027119e-01 4.09259276e-01 3.19738635e-01 2.51645690e-01
 1.99438560e-01 1.59128454e-01 1.27806722e-01 1.03328565e-01
 8.40970956e-02 6.89132558e-02 5.68699124e-02 4.72761294e-02
 3.96023986e-02 3.34406297e-02 2.84746618e-02 2.44583584e-02
 2.11992194e-02 1.85460405e-02 1.63795667e-02 1.46053734e-02
 1.31484167e-02 1.19488422e-02 1.09587465e-02 1.01396640e-02
 9.46060960e-03 8.89654714e-03 8.42718760e-03 8.03604207e-03
 7.70967315e-03 7.43710119e-03 7.20933185e-03 7.01897904e-03
 6.85996301e-03 6.72726802e-03 6.61674718e-03 6.52496492e-03
 6.44906943e-03 6.38668920e-03 6.33584875e-03 6.29489994e-03
 6.26246582e-03 6.23739456e-03 6.21872165e-03 6.20563877e-03
 6.19746808e-03 6.19364096e-03 6.19368042e-03 6.19718645e-03
 6.20382389e-03 6.21331219e-03 6.22541699e-03 6.23994299e-03
 6.25672795e-03 6.27563768e-03 6.29656177e-03 6.31941004e-03
 6.34410947e-03 6.37060156e-03 6.39884022e-03 6.42878975e-03
 6.46042331e-03 6.49372142e-03 6.52867080e-03 6.56526327e-03
 6.60349480e-03 6.64336469e-03 6.68487485e-03 6.72802909e-03
 6.77283256e-03 6.81929119e-03 6.86741119e-03 6.91719859e-03
 6.96865881e-03 7.02179625e-03 7.07661393e-03 7.13311311e-03
 7.19129293e-03 7.25115014e-03 7.31267871e-03 7.37586960e-03
 7.44071040e-03 7.50718510e-03 7.57527378e-03 7.64495241e-03
 7.71619252e-03 7.78896105e-03 7.86322008e-03 7.93892662e-03
 8.01603245e-03 8.09448393e-03 8.17422183e-03 8.25518123e-03
 8.33729135e-03 8.42047554e-03 8.50465110e-03 8.58972936e-03
 8.67561556e-03 8.76220894e-03 8.84940274e-03 8.93708429e-03
 9.02513514e-03 9.11343117e-03 9.20184277e-03 9.29023510e-03
 9.37846826e-03 9.46639767e-03 9.55387430e-03 9.64074510e-03
 9.72685336e-03 9.81203914e-03 9.89613973e-03 9.97899015e-03
 1.00604237e-02 1.01402724e-02 1.02183678e-02 1.02945414e-02
 1.03686251e-02 1.04404523e-02 1.05098583e-02 1.05766808e-02
 1.06407609e-02 1.07019435e-02 1.07600781e-02 1.08150195e-02
 1.08666285e-02 1.09147721e-02 1.09593248e-02 1.10001688e-02
 1.10371945e-02 1.10703013e-02 1.10993978e-02 1.11244025e-02
 1.11452443e-02 1.11618625e-02 1.11742074e-02 1.11822406e-02
 8.28084298e-03 8.53131624e-03 8.80574160e-03 9.10656864e-03
 9.43651639e-03 9.79860502e-03 1.01961916e-02 1.06330104e-02
 1.11132183e-02 1.16414457e-02 1.22228550e-02 1.28632052e-02
 1.35689264e-02 1.43472031e-02 1.52060690e-02 1.61545145e-02
 1.72026084e-02 1.83616361e-02 1.96442570e-02 2.10646827e-02
 2.26388802e-02 2.43848036e-02 2.63226571e-02 2.84751953e-02
 3.08680661e-02 3.35302013e-02 3.64942630e-02 3.97971529e-02
 4.34805951e-02 4.75918014e-02 5.21842318e-02 5.73184644e-02
 6.30631885e-02 6.94963400e-02 7.67063978e-02 8.47938624e-02
 9.38729416e-02 1.04073468e-01 1.15543079e-01 1.28449682e-01
 1.42984247e-01 1.59363934e-01 1.77835612e-01 1.98679749e-01
 2.22214719e-01 2.48801488e-01 2.78848653e-01 3.12817749e-01
 3.51228695e-01 3.94665146e-01 4.43779425e-01 4.99296544e-01
 5.62016610e-01 6.32814656e-01 7.12636565e-01 8.02489347e-01
 9.03423481e-01 1.01650444e+00 1.14276990e+00 1.28316847e+00
 1.43847556e+00 1.60918189e+00 1.79535127e+00 1.99644661e+00
 2.21112789e+00 2.43703298e+00 2.67056365e+00 2.90671285e+00
 3.13898488e+00 3.35947195e+00 3.55915182e+00 3.72845179e+00
 3.85807668e+00 3.94002479e+00 3.96863246e+00 3.94142905e+00
 3.85958612e+00 3.72782637e+00 3.55379760e+00 3.34706124e+00
 3.11793344e+00 2.87641845e+00 2.63140410e+00 2.39018732e+00
 2.15830900e+00 1.93962390e+00 1.73651534e+00 1.55017502e+00
 1.38089004e+00 1.22830258e+00 1.09162605e+00 9.69814555e-01
 8.61688837e-01 7.66025938e-01 6.81619879e-01 6.07320528e-01
 5.42056562e-01 4.84847250e-01 4.34806654e-01 3.91142881e-01
 3.53154306e-01 3.20224074e-01 2.91813795e-01 2.67457037e-01
 2.46753011e-01 2.29360674e-01 2.14993404e-01 2.03414322e-01
 1.94432279e-01 1.87898526e-01 1.83704054e-01 1.81777584e-01
 1.82084194e-01 1.84624564e-01 1.89434824e-01 1.96586989e-01
 2.06189982e-01 2.18391225e-01 2.33378791e-01 2.51384106e-01
 2.72685156e-01 2.97610167e-01 3.26541662e-01 3.59920766e-01
 3.98251581e-01 4.42105308e-01 4.92123726e-01 5.49021417e-01
 6.13585916e-01 6.86674686e-01 7.69207416e-01 8.62151725e-01
 9.66499819e-01 1.08323310e+00 1.21327115e+00 1.35740115e+00
 1.51618366e+00 1.68983136e+00 1.87805885e+00 2.07990513e+00
 2.29353608e+00 2.51604259e+00 2.74326200e+00 2.96966343e+00
 3.18835058e+00 3.39124085e+00 3.56947156e+00 3.71405315e+00
 3.81673366e+00 3.87096642e+00 3.87280623e+00 3.82153200e+00
 3.71982991e+00 3.57347310e+00 3.39056544e+00 3.18052732e+00
 2.95304600e+00 2.71718371e+00 2.48075860e+00 2.25002441e+00
 2.02960806e+00 1.82262988e+00 1.63092771e+00 1.45531978e+00
 1.29586196e+00 1.15207423e+00 1.02312618e+00 9.07980643e-01
 8.05499597e-01 7.14518981e-01 6.33898923e-01 5.62555551e-01
 4.99479402e-01 4.43744424e-01 3.94510591e-01 3.51022347e-01
 3.12604485e-01 2.78656566e-01 2.48646640e-01 2.22104771e-01
 1.98616694e-01 1.77817788e-01 1.59387485e-01 1.43044163e-01
 1.28540523e-01 1.15659456e-01 1.04210361e-01 9.40258900e-02
 8.49590686e-02 7.68807717e-02 6.96775041e-02 6.32494577e-02
 5.75088110e-02 5.23782432e-02 4.77896355e-02 4.36829373e-02
 4.00051760e-02 3.67095922e-02 3.37548848e-02 3.11045515e-02
 2.87263128e-02 2.65916085e-02 2.46751575e-02 2.29545729e-02
 2.14100255e-02 2.00239490e-02 1.87807826e-02 1.76667449e-02
 1.66696369e-02 1.57786690e-02 1.49843103e-02 1.42781564e-02
 1.36528142e-02 1.31018024e-02 1.26194636e-02 1.22008900e-02
 1.18418579e-02 1.15387731e-02 1.12886241e-02 1.10889431e-02
 1.09377746e-02 1.08336504e-02 1.07755709e-02 1.07629928e-02
 1.07958219e-02 1.08744124e-02 1.09995709e-02 1.11725677e-02
 1.13951522e-02 1.16695757e-02 1.19986206e-02 1.23856363e-02
 1.28345826e-02 1.33500817e-02 1.39374796e-02 1.46029166e-02
 1.53534103e-02 1.61969501e-02 1.71426072e-02 1.82006595e-02
 1.93827353e-02 2.07019777e-02 2.21732323e-02 2.38132616e-02
 2.56409901e-02 2.76777839e-02 2.99477704e-02 3.24782032e-02
 3.52998788e-02 3.84476134e-02 4.19607867e-02 4.58839639e-02
 5.02676070e-02 5.51688862e-02 6.06526087e-02 6.67922778e-02
 7.36713031e-02 8.13843801e-02 9.00390624e-02 9.97575507e-02
 1.10678724e-01 1.22960444e-01 1.36782150e-01 1.52347792e-01
 1.69889109e-01 1.89669272e-01 2.11986925e-01 2.37180586e-01
 2.65633412e-01 2.97778239e-01 3.34102803e-01 3.75154948e-01
 4.21547544e-01 4.73962690e-01 5.33154624e-01 5.99950486e-01
 6.75247803e-01 7.60007187e-01 8.55238222e-01 9.61976036e-01
 1.08124540e+00 1.21400862e+00 1.36109313e+00 1.52309435e+00
 1.70025029e+00 1.89228577e+00 2.09822777e+00 2.31619945e+00
 2.54320934e+00 2.77496456e+00 3.00575125e+00 3.22843857e+00
 3.43466910e+00 3.61528879e+00 3.76103692e+00 3.86345632e+00
 3.91590633e+00 3.91449154e+00 3.85869156e+00 3.75152067e+00
 3.59915718e+00 3.41012394e+00 3.19421485e+00 2.96140384e+00
 2.72093555e+00 2.48071025e+00 2.24698199e+00 2.02432044e+00
 1.81575499e+00 1.62301829e+00 1.44682295e+00 1.28712729e+00
 1.14336624e+00 1.01463821e+00 8.99848349e-01 7.97813139e-01
 7.07333438e-01 6.27242905e-01 5.56438132e-01 4.93895583e-01
 4.38679364e-01 3.89942836e-01 3.46926262e-01 3.08952054e-01
 2.75418709e-01 2.45794153e-01 2.19608985e-01 1.96449918e-01
 1.75953596e-01 1.57800887e-01 1.41711684e-01 1.27440228e-01
 1.14770927e-01 1.03514650e-01 9.35054448e-02 8.45976557e-02
 7.66633882e-02 6.95902890e-02 6.32796038e-02 5.76444807e-02
 5.26084880e-02 4.81043219e-02 4.40726785e-02 4.04612710e-02
 3.72239725e-02 3.43200690e-02 3.17136087e-02 2.93728346e-02
 2.72696913e-02 2.53793959e-02 2.36800649e-02 2.21523915e-02
 2.07793667e-02 1.95460399e-02 1.84393149e-02 1.74477780e-02
 1.65615560e-02 1.57722020e-02 1.50726086e-02 1.44569473e-02
 1.39206353e-02 1.34603313e-02 1.30739613e-02 1.27607799e-02
 1.25214710e-02 1.23582954e-02 1.22752936e-02 1.22785571e-02
 1.23765834e-02 1.25807349e-02 1.29058286e-02 1.33708908e-02
 1.40001228e-02 1.48241352e-02 1.58815269e-02 1.72209125e-02
 1.89035263e-02 2.10065824e-02 2.36276207e-02 2.68901509e-02
 3.09510079e-02 3.60099805e-02 4.23224666e-02 5.02161837e-02
 6.01133391e-02 7.25601884e-02 8.82666520e-02 1.08159702e-01
 1.33455722e-01 1.65759183e-01 2.07198066e-01 2.60611028e-01
 3.29807970e-01 4.19935763e-01 5.37996134e-01 6.93586380e-01
 8.99971036e-01 1.17565368e+00 1.54672139e+00 2.05041796e+00
 2.74074755e+00 3.69760925e+00 5.04248505e+00 6.96729506e+00
 9.79221427e+00 1.40938522e+01 2.10245376e+01 3.32257767e+01
 5.79460759e+01 1.20340065e+02 3.22089456e+02 4.79862121e+02
 1.60402810e+02 5.88335312e+01 2.76325617e+01 1.51513676e+01
 9.16661722e+00 5.92540731e+00 4.01315628e+00 2.81224300e+00
 2.02194461e+00 1.48296727e+00 1.10507251e+00 8.34275429e-01
 6.36802384e-01 4.90731721e-01 3.81396192e-01 2.98733302e-01
 2.35694867e-01 1.87257925e-01 1.49790430e-01 1.20633517e-01
 9.78200431e-02 7.98811862e-02 6.57113080e-02 5.44721408e-02
 4.55240045e-02 3.83758858e-02 3.26488584e-02 2.80490517e-02
 2.43475228e-02 2.13651660e-02 1.89613302e-02 1.70251823e-02
 1.54691214e-02 1.42237314e-02 1.32338961e-02 1.24557972e-02
 1.18545842e-02 1.14025617e-02 1.10777742e-02 1.08628982e-02
 1.07443741e-02 1.07117255e-02 1.07570244e-02 1.08744735e-02
 1.10600802e-02 1.13114042e-02 1.16273650e-02 1.20080978e-02
 1.24548494e-02 1.29699075e-02 1.35565592e-02 1.42190739e-02
 1.49627081e-02 1.57937317e-02 1.67194725e-02 1.77483795e-02
 1.88901052e-02 2.01556068e-02 2.15572663e-02 2.31090327e-02
 2.48265862e-02 2.67275269e-02 2.88315910e-02 3.11608960e-02
 3.37402194e-02 3.65973147e-02 3.97632671e-02 4.32728960e-02
 4.71652080e-02 5.14839066e-02 5.62779652e-02 6.16022702e-02
 6.75183414e-02 7.40951383e-02 8.14099592e-02 8.95494433e-02
 9.86106823e-02 1.08702449e-01 1.19946553e-01 1.32479316e-01
 1.46453190e-01 1.62038488e-01 1.79425233e-01 1.98825103e-01
 2.20473434e-01 2.44631231e-01 2.71587109e-01 3.01659064e-01
 3.35195914e-01 3.72578224e-01 4.14218436e-01 4.60559874e-01
 5.12074158e-01 5.69256496e-01 6.32618146e-01 7.02675222e-01
 7.79932885e-01 8.64863819e-01 9.57879836e-01 1.05929549e+00
 1.16928274e+00 1.28781620e+00 1.41460927e+00 1.54904273e+00
 1.69008925e+00 1.83623975e+00 1.98544048e+00 2.13505281e+00
 2.28185057e+00 2.42207081e+00 2.55153227e+00 2.66583005e+00
 2.76060444e+00 2.83186648e+00 2.87634665e+00 2.89181877e+00
 2.87734591e+00 2.83340183e+00 2.76184171e+00 2.66572375e+00
 2.54901272e+00 2.41621633e+00 2.27201256e+00 2.12091873e+00
 1.96703628e+00 1.81388532e+00 1.66432591e+00 1.52055086e+00
 1.38413041e+00 1.25608831e+00 1.13699243e+00 1.02704732e+00
 9.26180454e-01 8.34117670e-01 7.50446177e-01 6.74665040e-01
 6.06224317e-01 5.44554397e-01 4.89087254e-01 4.39271248e-01
 3.94580914e-01 3.54522962e-01 3.18639469e-01 2.86509057e-01
 2.57746650e-01 2.32002289e-01 2.08959332e-01 1.88332295e-01
 1.69864517e-01 1.53325778e-01 1.38509949e-01 1.25232734e-01
 1.13329539e-01 1.02653496e-01 9.30736309e-02 8.44731980e-02
 7.67481639e-02 6.98058371e-02 6.35636350e-02 5.79479777e-02
 5.28932977e-02 4.83411562e-02 4.42394543e-02 4.05417313e-02
 3.72065404e-02 3.41968938e-02 3.14797697e-02 2.90256751e-02
 2.68082571e-02 2.48039586e-02 2.29917121e-02 2.13526687e-02
 1.98699571e-02 1.85284699e-02 1.73146741e-02 1.62164423e-02
 1.52229034e-02 1.43243095e-02 1.35119179e-02 1.27778864e-02
 1.21151793e-02 1.15174854e-02 1.09791431e-02 1.04950758e-02
 1.00607325e-02 9.67203672e-03 9.32533949e-03 9.01737867e-03
 8.74524216e-03 8.50633542e-03 8.29835253e-03 8.11925058e-03
 7.96722686e-03 7.84069875e-03 7.73828596e-03 7.65879481e-03
 7.60120447e-03 7.56465496e-03 7.54843667e-03 7.55198133e-03
 7.57485430e-03 7.61674804e-03 7.67747674e-03 7.75697191e-03
 7.85527901e-03 7.97255492e-03 8.10906628e-03 8.26518869e-03
 8.44140663e-03 8.63831413e-03 8.85661625e-03 9.09713117e-03
 9.36079308e-03 9.64865574e-03 9.96189672e-03 1.03018224e-02
 1.06698738e-02 1.10676326e-02 1.14968289e-02 1.19593489e-02
 1.24572436e-02 1.29927384e-02 1.35682440e-02 1.41863670e-02
 1.48499228e-02 1.55619485e-02 1.63257171e-02 1.71447530e-02
 1.80228482e-02 1.89640796e-02 1.99728277e-02 2.10537965e-02
 2.22120342e-02 2.34529554e-02 2.47823649e-02 2.62064820e-02
 2.77319665e-02 2.93659460e-02 3.11160443e-02 3.29904104e-02
 3.49977500e-02 3.71473560e-02 3.94491412e-02 4.19136715e-02
 4.45521985e-02 4.73766932e-02 5.03998789e-02 5.36352633e-02
 5.70971698e-02 6.08007659e-02 6.47620901e-02 6.89980743e-02
 7.35265622e-02 7.83663211e-02 8.35370479e-02 8.90593644e-02
 9.49548036e-02 1.01245782e-01 1.07955560e-01 1.15108176e-01
 1.22728374e-01 1.30841494e-01 1.39473342e-01 1.48650028e-01
 1.58397768e-01 1.68742645e-01 1.79710333e-01 1.91325760e-01
 2.03612732e-01 2.16593493e-01 2.30288220e-01 2.44714463e-01
 2.59886512e-01 2.75814701e-01 2.92504641e-01 3.09956398e-01
 3.28163602e-01 3.47112521e-01 3.66781091e-01 3.87137937e-01
 4.08141391e-01 4.29738551e-01 4.51864405e-01 4.74441064e-01
 4.97377139e-01 5.20567327e-01 5.43892240e-01 5.67218544e-01
 5.90399442e-01 6.13275573e-01 6.35676333e-01 6.57421672e-01
 6.78324360e-01 6.98192719e-01 7.16833785e-01 7.34056834e-01
 7.49677203e-01 7.63520279e-01 7.75425527e-01 7.85250411e-01
 7.92874054e-01 7.98200462e-01 8.01161185e-01 8.01717271e-01
 7.99860424e-01 7.95613304e-01 7.89028946e-01 7.80189332e-01
 7.69203176e-01 7.56203031e-01 7.41341850e-01 7.24789159e-01
 7.06726998e-01 6.87345806e-01 6.66840382e-01 6.45406075e-01
 6.23235298e-01 6.00514459e-01 5.77421347e-01 5.54123026e-01
 5.30774211e-01 5.07516128e-01 4.84475821e-01 4.61765850e-01
 4.39484344e-01 4.17715342e-01 3.96529360e-01 3.75984154e-01
 3.56125595e-01 3.36988646e-01 3.18598372e-01 3.00970973e-01
 2.84114803e-01 2.68031353e-01 2.52716193e-01 2.38159845e-01
 2.24348601e-01 2.11265263e-01 1.98889809e-01 1.87200003e-01
 1.76171917e-01 1.65780404e-01 1.55999498e-01 1.46802767e-01
 1.38163611e-01 1.30055509e-01 1.22452228e-01 1.15327998e-01
 1.08657650e-01 1.02416721e-01 9.65815435e-02 9.11293070e-02
 8.60381020e-02 8.12869489e-02 7.68558133e-02 7.27256102e-02
 6.88781994e-02 6.52963723e-02 6.19638342e-02 5.88651802e-02
 5.59858689e-02 5.33121921e-02 5.08312433e-02 4.85308844e-02
 4.63997119e-02 4.44270227e-02 4.26027799e-02 4.09175787e-02
 3.93626138e-02 3.79296464e-02 3.66109731e-02 3.53993955e-02
 3.42881905e-02 3.32710831e-02 3.23422186e-02 3.14961380e-02
 3.07277530e-02 3.00323231e-02 2.94054342e-02 2.88429772e-02
 2.83411291e-02 2.78963342e-02 2.75052873e-02 2.71649167e-02
 2.68723696e-02 2.66249974e-02 2.64203422e-02 2.62561242e-02
 2.61302301e-02 2.60407017e-02 2.59857258e-02 2.59636245e-02
 2.59728460e-02 2.60119562e-02 2.60796307e-02 2.61746480e-02
 2.62958816e-02 2.64422945e-02 2.66129327e-02 2.68069197e-02
 2.70234514e-02 2.72617909e-02 2.75212644e-02 2.78012564e-02
 2.81012061e-02 2.84206038e-02 2.87589868e-02 2.91159369e-02
 2.94910768e-02 2.98840675e-02 3.02946056e-02 3.07224208e-02
 3.11672734e-02 3.16289526e-02 3.21072734e-02 3.26020760e-02
 3.31132227e-02 3.36405969e-02 3.41841014e-02 3.47436564e-02
 3.53191985e-02 3.59106790e-02 3.65180629e-02 3.71413270e-02
 3.77804595e-02 3.84354579e-02 3.91063289e-02 3.97930862e-02
 4.04957506e-02 4.12143479e-02 4.19489088e-02 4.26994674e-02
 4.34660605e-02 4.42487267e-02 4.50475054e-02 4.58624359e-02]
[           inf            inf            inf 3.85519757e+02
 8.81706730e+01 3.57536800e+01 1.83276773e+01 1.06789477e+01
 6.74184104e+00 4.49342214e+00 3.11253142e+00 2.21818781e+00
 1.61540768e+00 1.19654153e+00 8.98456807e-01 6.82271631e-01
 5.23062761e-01 4.04322009e-01 3.14816236e-01 2.46729808e-01
 1.94523538e-01 1.54210521e-01 1.22883416e-01 9.83983389e-02
 7.91590289e-02 6.39668546e-02 5.19149650e-02 4.23126048e-02
 3.46303748e-02 2.84602434e-02 2.34860736e-02 1.94617288e-02
 1.61946925e-02 1.35337339e-02 1.13595647e-02 9.57772339e-03
 8.11312713e-03 6.90588195e-03 5.90804493e-03 5.08111183e-03
 4.39405964e-03 3.82181558e-03 3.34405506e-03 2.94425471e-03
 2.60894371e-03 2.32710989e-03 2.08972721e-03 1.88937854e-03
 1.71995364e-03 1.57640673e-03 1.45456119e-03 1.35095193e-03
 1.26269778e-03 1.18739786e-03 1.12304733e-03 1.06796855e-03
 1.02075495e-03 9.80224874e-04 9.45383731e-04 9.15392857e-04
 8.89543776e-04 8.67236943e-04 8.47964128e-04 8.31293784e-04
 8.16858887e-04 8.04346791e-04 7.93490762e-04 7.84062893e-04
 7.75868166e-04 7.68739471e-04 7.62533410e-04 7.57126771e-04
 7.52413541e-04 7.48302394e-04 7.44714558e-04 7.41582003e-04
 7.38845913e-04 7.36455377e-04 7.34366278e-04 7.21689097e-04
 7.21657253e-04 7.21625836e-04 7.21594868e-04 7.21564375e-04
 7.21534382e-04 7.21504914e-04 7.21475998e-04 7.21447660e-04
 7.21419928e-04 7.21392829e-04 7.21366391e-04 7.21340642e-04
 7.21315611e-04 7.21291327e-04 7.21267819e-04 7.21245117e-04
 7.21223250e-04 7.21202249e-04 7.21182144e-04 7.21162966e-04
 7.21144745e-04 7.21127514e-04 7.21111302e-04 7.21096142e-04
 7.21082066e-04 7.21069105e-04 7.21057290e-04 7.21046656e-04
 7.21037232e-04 7.21029053e-04 7.21022150e-04 7.21016557e-04
 7.21012305e-04 7.21009429e-04 7.21007960e-04 7.21007931e-04
 7.21009377e-04 7.21012329e-04 7.21016822e-04 7.21022889e-04
 7.21030562e-04 7.21039877e-04 7.21050865e-04 7.21063562e-04
 7.21078001e-04 7.21094216e-04 7.21112242e-04 7.21132113e-04
 7.21153863e-04 7.21177528e-04 7.21203143e-04 7.21230743e-04
 7.21260365e-04 7.21292046e-04 7.21325821e-04 7.21361729e-04
 7.21399807e-04 7.21440095e-04 7.21482633e-04 7.21527460e-04
 7.21574619e-04 7.21624152e-04 7.21676103e-04 7.21730517e-04
 7.21787441e-04 7.21846922e-04 7.21909012e-04 7.21973761e-04
 7.22041224e-04 7.22111457e-04 7.22184519e-04 7.22260471e-04
 7.22339378e-04 7.22421307e-04 7.22506329e-04 7.22594518e-04
 7.22685953e-04 7.22780718e-04 7.22878898e-04 7.22980587e-04
 7.23085883e-04 7.23194888e-04 7.23307711e-04 7.23424468e-04
 7.23545282e-04 7.23670283e-04 7.23799608e-04 7.23933403e-04
 7.24071823e-04 7.24215032e-04 7.24363205e-04 7.24516525e-04
 7.24675189e-04 7.24839403e-04 7.25009390e-04 7.25185381e-04
 7.25367623e-04 7.25556380e-04 7.25751929e-04 7.25954563e-04
 7.26164593e-04 7.26382350e-04 7.26608182e-04 7.26842456e-04
 7.27085563e-04 7.27337915e-04 7.27599947e-04 7.27872118e-04
 7.28154913e-04 7.28448845e-04 7.28754453e-04 7.29072306e-04
 7.29403005e-04 7.29747182e-04 7.30105503e-04 7.30478668e-04
 7.30867416e-04 7.31272523e-04 7.31694804e-04 7.32135117e-04
 7.32594363e-04 7.33073488e-04 7.33573486e-04 7.34095399e-04
 7.34640321e-04 7.35209398e-04 7.35803833e-04 7.36424885e-04
 7.37073872e-04 7.37752177e-04 7.38461244e-04 7.39202587e-04
 7.39977785e-04 7.40788494e-04 7.41636440e-04 7.42523430e-04
 7.43451347e-04 7.44422161e-04 7.45437925e-04 7.46500780e-04
 7.47612961e-04 7.48776796e-04 7.49994712e-04 7.51269236e-04
 7.52603000e-04 7.53998742e-04 7.55459313e-04 7.56987678e-04
 7.58586919e-04 7.60260239e-04 7.62010967e-04 7.63842558e-04
 7.65758601e-04 7.67762821e-04 7.69859079e-04 7.72051381e-04
 7.74343879e-04 7.76740872e-04 7.79246817e-04 7.81866323e-04
 7.84604163e-04 7.87465270e-04 7.90454746e-04 7.93577863e-04
 7.96840065e-04 8.00246974e-04 8.03804388e-04 8.07518288e-04
 8.11394840e-04 8.15440395e-04 8.19661492e-04 8.24064861e-04
 8.28657421e-04 8.33446288e-04 8.38438766e-04 8.43642357e-04
 8.49064755e-04 8.54713848e-04 8.60597716e-04 8.66724630e-04
 8.73103050e-04 8.79741623e-04 8.86649181e-04 8.93834731e-04
 9.01307459e-04 9.09076720e-04 9.17152030e-04 9.25543064e-04
 9.34259644e-04 9.43311733e-04 9.52709421e-04 9.62462919e-04
 9.72582546e-04 9.83078711e-04 9.93961906e-04 1.00524268e-03
 1.01693165e-03 1.02903943e-03 1.04157666e-03 1.05455397e-03
 1.06798196e-03 1.08187116e-03 1.09623202e-03 1.11107489e-03
 1.12640996e-03 1.14224728e-03 1.15859667e-03 1.17546774e-03
 1.19286982e-03 1.21081195e-03 1.22930280e-03 1.24835068e-03
 1.26796347e-03 1.28814859e-03 1.30891294e-03 1.33026289e-03
 1.35220417e-03 1.37474191e-03 1.39788051e-03 1.42162362e-03
 1.44597413e-03 1.47093405e-03 1.49650450e-03 1.52268566e-03
 1.54947669e-03 1.57687571e-03 1.60487973e-03 1.63348459e-03
 1.66268495e-03 1.69247418e-03 1.72284437e-03 1.75378623e-03
 1.78528910e-03 1.81734087e-03 1.84992793e-03 1.88303516e-03
 1.91664590e-03 1.95074189e-03 1.98530324e-03 2.02030844e-03
 2.05573433e-03 2.09155604e-03 2.12774706e-03 2.16427914e-03
 2.20112239e-03 2.23824521e-03 2.27561433e-03 2.31319483e-03
 2.35095017e-03 2.38884221e-03 2.42683126e-03 2.46487613e-03
 2.50293414e-03 2.54096125e-03 2.57891208e-03 2.61674001e-03
 2.65439722e-03 2.69183485e-03 2.72900303e-03 2.76585103e-03
 2.80232735e-03 2.83837982e-03 2.87395577e-03 2.90900213e-03
 2.94346554e-03 2.97729255e-03 3.01042972e-03 3.04282377e-03
 3.07442174e-03 3.10517115e-03 3.13502017e-03 3.16391771e-03
 3.19181366e-03 3.21865902e-03 3.24440602e-03 3.26900833e-03
 3.29242118e-03 3.31460153e-03 3.33550820e-03 3.35510202e-03
 3.37334597e-03 3.39020530e-03 3.40564766e-03 3.41964321e-03
 3.43216476e-03 3.44318780e-03 3.45269066e-03 3.46065456e-03
 3.46706367e-03 3.47190519e-03 3.47516938e-03 3.47684959e-03
 3.47694233e-03 3.47544723e-03 3.47236706e-03 3.46770773e-03
 3.46147825e-03 3.45369072e-03 3.44436025e-03 3.43350493e-03
 3.42114576e-03 3.40730657e-03 3.39201391e-03 3.37529701e-03
 3.35718760e-03 3.33771986e-03 3.31693023e-03 3.29485738e-03
 3.27154196e-03 3.24702656e-03 3.22135548e-03 3.19457465e-03
 3.16673143e-03 3.13787448e-03 3.10805360e-03 3.07731954e-03
 3.04572390e-03 3.01331893e-03 2.98015737e-03 2.94629233e-03
 2.91177711e-03 2.87666506e-03 2.84100944e-03 2.80486326e-03
 2.76827919e-03 2.73130938e-03 2.69400534e-03 2.65641786e-03
 2.61859687e-03 2.58059134e-03 2.54244918e-03 2.50421715e-03
 2.46594078e-03 2.42766429e-03 2.38943051e-03 2.35128084e-03
 2.31325519e-03 2.27539191e-03 2.23772778e-03 2.20029795e-03
 2.16313595e-03 2.12627363e-03 2.08974116e-03 2.05356703e-03
 2.01777806e-03 1.98239936e-03 1.94745441e-03 1.91296498e-03
 1.87895125e-03 1.84543175e-03 1.81242345e-03 1.77994174e-03
 1.74800052e-03 1.71661217e-03 1.68578764e-03 1.65553650e-03
 1.62586694e-03 1.59678585e-03 1.56829886e-03 1.54041037e-03
 1.51312366e-03 1.48644087e-03 1.46036309e-03 1.43489039e-03
 1.41002192e-03 1.38575590e-03 1.36208971e-03 1.33901993e-03
 1.31654239e-03 1.29465222e-03 1.27334391e-03 1.25261134e-03
 1.23244782e-03 1.21284617e-03 1.19379874e-03 1.17529745e-03
 1.15733383e-03 1.13989908e-03 1.12298409e-03 1.10657948e-03
 1.09067562e-03 1.07526271e-03 1.06033075e-03 1.04586962e-03
 1.03186909e-03 1.01831883e-03 1.00520845e-03 9.92527563e-04
 9.80265724e-04 9.68412519e-04 9.56957561e-04 9.45890506e-04
 9.35201075e-04 9.24879067e-04 9.14914374e-04 9.05296995e-04
 8.96017045e-04 8.87064771e-04 8.78430554e-04 8.70104926e-04
 8.62078573e-04 8.54342343e-04 8.46887249e-04 8.39704481e-04
 8.32785405e-04 8.26121567e-04 8.19704698e-04 8.13526715e-04
 8.07579723e-04 8.01856018e-04 7.96348083e-04 7.91048594e-04
 7.85950414e-04 7.81046599e-04 7.76330390e-04 7.71795216e-04
 7.67434691e-04 7.63242613e-04 7.59212959e-04 7.55339887e-04
 7.51617728e-04 7.48040988e-04 7.44604342e-04 7.41302632e-04
 7.38130862e-04 7.35084199e-04 7.32157964e-04 7.29347631e-04
 7.26648826e-04 7.24057317e-04 7.21569017e-04 7.19179976e-04
 7.16886379e-04 7.14684543e-04 7.12570911e-04 7.10542049e-04
 7.08594646e-04 7.06725504e-04 7.04931540e-04 7.03209780e-04
 7.01557355e-04 6.99971500e-04 6.98449548e-04 6.96988928e-04
 6.95587163e-04 6.94241864e-04 6.92950728e-04 6.91711538e-04
 6.90522155e-04 6.89380520e-04 6.88284646e-04 6.87232622e-04
 6.86222603e-04 6.85252814e-04 6.84321542e-04 6.83427139e-04
 6.82568016e-04 6.81742639e-04 6.80949535e-04 6.80187279e-04
 6.79454502e-04 6.78749881e-04 6.78072143e-04 6.77420060e-04
 6.76792449e-04 6.76188167e-04 6.75606116e-04 6.75045234e-04
 6.74504498e-04 6.73982922e-04 6.73479555e-04 6.72993479e-04
 6.72523810e-04 6.72069694e-04 6.71630309e-04 6.71204860e-04
 6.70792583e-04 6.70392739e-04 6.70004616e-04 6.69627528e-04
 6.69260812e-04 6.68903830e-04 6.68555967e-04 6.68216629e-04
 6.67885245e-04 6.67561265e-04 6.67244156e-04 6.66933408e-04
 6.66628529e-04 6.66329045e-04 6.66034501e-04 6.65744457e-04
 6.65458492e-04 6.65176202e-04 6.64897197e-04 6.64621104e-04
 6.64347564e-04 6.64076235e-04 6.63806788e-04 6.63538907e-04
 6.63272293e-04 6.63006656e-04 6.62741724e-04 6.62477235e-04
 6.62212940e-04 6.61948602e-04 6.61683996e-04 6.61418910e-04
 6.61153143e-04 6.60886503e-04 6.60618813e-04 6.60349903e-04
 6.60079615e-04 6.59807802e-04 6.59534327e-04 6.59259060e-04
 6.58981884e-04 6.58702690e-04 6.58421377e-04 6.58137855e-04
 6.57852041e-04 6.57563861e-04 6.57273250e-04 6.56980149e-04
 6.56684509e-04 6.56386287e-04 6.56085448e-04 6.55781964e-04
 6.55475813e-04 6.55166980e-04 6.54855459e-04 6.54541246e-04
 6.54224345e-04 6.53904767e-04 6.53582526e-04 6.53257643e-04
 6.52930143e-04 6.52600057e-04 6.52267420e-04 6.51932271e-04
 6.51594653e-04 6.51254614e-04 6.50912206e-04 6.50567482e-04
 6.50220501e-04 6.49871324e-04 6.49520015e-04 6.49166640e-04
 6.48811268e-04 6.48453970e-04 6.48094821e-04 6.47733893e-04
 6.47371266e-04 6.47007015e-04 6.46641222e-04 6.46273966e-04
 6.45905328e-04 6.45535391e-04 6.45164238e-04 6.44791950e-04
 6.44418613e-04 6.44044308e-04 6.43669118e-04 6.43293128e-04
 6.42916418e-04 6.42539072e-04 6.42161171e-04 6.41782795e-04
 6.41404024e-04 6.41024936e-04 6.40645609e-04 6.40266120e-04
 6.39886544e-04 6.39506953e-04 6.39127421e-04 6.38748018e-04
 6.38368813e-04 6.37989872e-04 6.37611262e-04 6.37233047e-04
 6.36855287e-04 6.36478043e-04 6.36101372e-04 6.35725330e-04
 6.35349972e-04 6.34975348e-04 6.34601509e-04 6.34228501e-04
 6.33856371e-04 6.33485161e-04 6.33114912e-04 6.32745665e-04
 6.32377454e-04 6.32010315e-04 6.31644282e-04 6.31279383e-04
 6.30915647e-04 6.30553102e-04 6.30191770e-04 6.29831675e-04
 6.29472836e-04 6.29115272e-04 6.28759000e-04 6.28404033e-04
 6.28050385e-04 6.27698065e-04 6.27347084e-04 6.26997449e-04
 6.26649165e-04 6.26302236e-04 6.25956665e-04 6.25612452e-04
 6.25269598e-04 6.24928099e-04 6.24587953e-04 6.24249155e-04
 6.23911698e-04 6.23575577e-04 6.23240781e-04 6.22907302e-04
 6.22575128e-04 6.22244250e-04 6.21914652e-04 6.21586324e-04
 6.21259249e-04 6.20933413e-04 6.20608801e-04 6.20285395e-04
 6.19963179e-04 6.19642134e-04 6.19322244e-04 6.19003488e-04
 6.18685849e-04 6.18369306e-04 6.18053840e-04 6.17739432e-04
 6.17426061e-04 6.17113707e-04 6.16802349e-04 6.16491968e-04
 6.16182543e-04 6.15874055e-04 6.15566482e-04 6.15259807e-04
 6.14954008e-04 6.14649066e-04 6.14344964e-04 6.14041682e-04
 6.13739203e-04 6.13437510e-04 6.13136585e-04 6.12836413e-04
 6.12536979e-04 6.12238267e-04 6.11940264e-04 6.11642959e-04
 6.11346337e-04 6.11050391e-04 6.10755109e-04 6.10460483e-04
 6.10166507e-04 6.09873174e-04 6.09580482e-04 6.09288426e-04
 6.08997006e-04 6.08706224e-04 6.08416080e-04 6.08126581e-04
 6.07837733e-04 6.07549543e-04 6.07262024e-04 6.06975188e-04
 6.06689053e-04 6.06403635e-04 6.06118957e-04 6.05835043e-04
 6.05551921e-04 6.05269621e-04 6.04988178e-04 6.04707629e-04
 6.04428018e-04 6.04149389e-04 6.03871793e-04 6.03595285e-04
 6.03319925e-04 6.03045778e-04 6.02772913e-04 6.02501408e-04
 6.02231343e-04 6.01962807e-04 6.01695895e-04 6.01430710e-04
 6.01167360e-04 6.00905964e-04 6.00646648e-04 6.00389547e-04
 6.00134805e-04 5.99882576e-04 5.99633026e-04 5.99386330e-04
 5.99142678e-04 5.98902269e-04 5.98665318e-04 5.98432053e-04
 5.98202717e-04 5.97977570e-04 5.97756887e-04 5.97540963e-04
 5.97330110e-04 5.97124662e-04 5.96924974e-04 5.96731423e-04
 5.96544410e-04 5.96364363e-04 5.96191737e-04 5.96027015e-04
 5.95870712e-04 5.95723374e-04 5.95585585e-04 5.95457963e-04
 5.95341166e-04 5.95235896e-04 5.95142896e-04 5.95062961e-04
 5.94996932e-04 5.94945707e-04 5.94910240e-04 5.94891545e-04
 5.94890703e-04 5.94908863e-04 5.94947247e-04 5.95007157e-04
 5.95089979e-04 5.95197185e-04 5.95330347e-04 5.95491134e-04
 5.95681325e-04 5.95902816e-04 5.96157623e-04 5.96447896e-04
 5.96775923e-04 5.97144145e-04 5.97555159e-04 5.98011735e-04
 5.98516825e-04 5.99073576e-04 5.99685343e-04 6.00355703e-04
 6.01088471e-04 6.01887716e-04 6.02757780e-04 6.03703295e-04
 6.04729203e-04 6.05840781e-04 6.07043661e-04 6.08343856e-04
 6.09747787e-04 6.11262314e-04 6.12894761e-04 6.14652959e-04
 6.16545271e-04 6.18580640e-04 6.20768623e-04 6.23119441e-04
 6.25644023e-04 6.28354060e-04 6.31262059e-04 6.34381405e-04
 6.37726420e-04 6.41312439e-04 6.45155877e-04 6.49274316e-04
 6.53686587e-04 6.58412865e-04 6.63474767e-04 6.68895463e-04
 6.74699791e-04 6.80914383e-04 6.87567798e-04 6.94690673e-04
 7.02315879e-04 7.10478688e-04 7.19216961e-04 7.28571346e-04
 7.38585490e-04 7.49306273e-04 7.60784058e-04 7.73072962e-04
 7.86231146e-04 8.00321134e-04 8.15410153e-04 8.31570507e-04
 8.48879970e-04 8.67422225e-04 8.87287331e-04 9.08572230e-04
 9.31381297e-04 9.55826933e-04 9.82030213e-04 1.01012158e-03
 1.04024160e-03 1.07254180e-03 1.10718552e-03 1.14434892e-03
 1.18422198e-03 1.22700968e-03 1.27293319e-03 1.32223122e-03
 1.37516147e-03 1.43200220e-03 1.49305391e-03 1.55864124e-03
 1.62911492e-03 1.70485399e-03 1.78626816e-03 1.87380038e-03
 1.96792962e-03 2.06917395e-03 2.17809378e-03 2.29529548e-03
 2.42143525e-03 2.55722338e-03 2.70342883e-03 2.86088421e-03
 3.03049124e-03 3.21322663e-03 3.41014849e-03 3.62240333e-03
 3.85123358e-03 4.09798587e-03 4.36411992e-03 4.65121832e-03
 4.96099701e-03 5.29531677e-03 5.65619569e-03 6.04582264e-03
 6.46657194e-03 6.92101931e-03 7.41195907e-03 7.94242292e-03
 8.51570020e-03 9.13535985e-03 9.80527425e-03 1.05296450e-02
 1.13130307e-02 1.21603771e-02 1.30770497e-02 1.40688687e-02
 1.51421471e-02 1.63037309e-02 1.75610434e-02 1.89221319e-02
 2.03957185e-02 2.19912536e-02 2.37189738e-02 2.55899634e-02
 2.76162196e-02 2.98107218e-02 3.21875051e-02 3.47617368e-02
 3.75497980e-02 4.05693674e-02 4.38395089e-02 4.73807621e-02
 5.12152340e-02 5.53666925e-02 5.98606595e-02 6.47245029e-02
 6.99875245e-02 7.56810432e-02 8.18384696e-02 8.84953695e-02
 9.56895111e-02 1.03460894e-01 1.11851748e-01 1.20906511e-01
 1.30671749e-01 1.41196047e-01 1.52529833e-01 1.64725129e-01
 1.77835231e-01 1.91914285e-01 2.07016755e-01 2.23196770e-01
 2.40507322e-01 2.58999305e-01 2.78720378e-01 2.99713641e-01
 3.22016095e-01 3.45656896e-01 3.70655386e-01 3.97018914e-01
 4.24740447e-01 4.53796016e-01 4.84142031e-01 5.15712520e-01
 5.48416392e-01 5.82134821e-01 6.16718880e-01 6.51987600e-01
 6.87726611e-01 7.23687581e-01 7.59588639e-01 7.95115996e-01
 8.29926927e-01 8.63654261e-01 8.95912444e-01 9.26305174e-01
 9.54434484e-01 9.79911058e-01 1.00236542e+00 1.02145954e+00
 1.03689831e+00 1.04844025e+00 1.05590686e+00 1.05919005e+00
 1.05825707e+00 1.05315278e+00 1.04399897e+00 1.03099082e+00]
